X1,X2
-0.9434463528369411,0.18155991212810452
-0.0570168563329666,-0.3921382314112818
-1.3025463645195021,-0.6122352221234586
1.437773624290576,1.1672715811560828
-0.07584426356667018,0.28101238370582005
-0.11534769526013924,-0.9036994915556448
0.9217265948960138,0.8101022815259444
-0.08015614446007524,0.07694264975771214
-0.12141644593470026,0.9975336999522117
-0.0360719161122976,-0.0175415335783351
-0.7618880061277532,-0.489187789258553
-0.411367717545775,0.07236718660086344
-0.19533803152912255,0.07360016710907769
-0.4824490584750023,-0.40574893931847444
-0.262720478654734,0.8247809240330077
-1.088511658083252,-0.5609552070662299
0.6618411917696215,-0.23018964184674395
0.5200331957953219,0.02491818937732182
-0.37572663822241736,0.25730907652106194
-0.042210416025459385,0.43013339876711254
-0.6097314075624962,0.3219715587452889
0.26133550748907386,0.729843513089004
-0.7927776888092951,-0.9862665317811437
0.2929892347746476,-0.8568751025491498
0.4825266131940882,-0.7670852092015663
0.07737633930305718,0.06752331636533176
-1.11262231235692,-0.10053237368310053
0.21849394028790647,0.5813715195075679
1.003079655648242,1.3256005626645335
1.3059574866557448,0.18830251001188358
0.15180236841601757,0.22518429511719917
-0.8397933558033652,-0.32073461629725253
0.06475886590222377,0.23986514402817805
0.33608527757572787,-0.7957917721434746
0.654554732316693,0.16168524783471033
0.33568245793436957,-0.4181760021037977
0.8527691356790494,0.33212214679099816
0.3939051175472762,0.8503565721257373
-0.17983532705711763,-1.0480528558915583
-0.23194285601073075,-0.6635278008673907
-0.463352182901393,0.2984073179683025
0.2408231754958096,0.4749421587406454
0.9023965717111284,0.35193663127781494
0.5274905951709172,0.20428633375707617
-1.5408685258588282,-0.8794039636123319
-0.406447160218613,-0.7896729040681749
0.04143613696338466,-0.78338712751186
-1.3434262275164692,-0.08019385337253238
-0.8016687723675924,-0.3150360371070692
0.4668484895555438,-0.8310651468811078
-0.5844674600314572,-1.36663745619371
0.9810730032448968,0.7948786984680427
0.7041505366200659,-0.9284219629919697
0.09285158774242475,-0.011250937000050587
0.7434429484723416,0.6779627056987977
-0.17031081854941155,-0.5399169855060313
-2.005285843857021,-1.103341461092093
-0.2203939334414441,-0.10522303310332515
-0.9985106930956349,0.8897072226929696
0.20482870725560848,1.0877224035365034
-0.3372942208950175,-0.5481332469498215
1.479952259297494,0.5291261542047477
0.4408134864091984,1.1272573145038876
-0.06790850920734393,0.6697008943685405
0.2627274701084851,0.24034079631494187
-0.25671693044567356,0.4727009497195319
1.0617178107444227,-0.5318794820485877
0.4079811967609363,0.12615983011840898
-1.6913422242667175,-0.6790828052300801
-0.04316867202797531,-0.3397540069250195
-0.037931716418739214,0.044614273878519795
-0.5860564482630435,-0.5109722882441915
0.2888453719575527,0.21286024722390795
-0.8623077756309943,-0.9706928803963573
0.057826660586497214,-0.6015846914183001
-0.2947338048057466,-0.17802579914550942
-0.6639930001164804,-0.5890908355616878
0.2533928412344689,0.5172183035388456
-0.046713878555685685,-0.13999247212654942
1.0170899542082976,0.30706037208455617
-1.5182264488517991,-0.7871146589043312
0.1475359102655135,0.023482311572544212
-0.8320766804204308,-0.7308691328577266
-0.0056366679214007965,0.17550765535074442
0.6634763787444595,-0.20783539531138356
0.5398653670319322,0.052155305243365424
0.8462817120906501,0.13168453403343972
-0.07450479227242135,0.023676469201874384
0.919587546783797,-1.1264975826719559
1.4108564629594194,0.8978974828094595
-0.9280524659219679,-1.0790142930552042
0.26614933980972333,0.20214910221175508
-0.5412354694684159,0.5822144987991063
-0.007911570797036638,-0.16289012759663268
1.8397977064305875,0.8799438697765494
0.48998080200289074,-0.08163895408748989
0.11421140114579442,-0.3367640417011437
-0.4820508194182961,-0.32245172630597857
-0.11885953654605963,-0.3642724584993815
0.6555924818636618,-0.10544944682537022
-0.2793074036494073,0.007756386702162166
-1.0768653022852561,-1.174650001956797
1.20180690761839,0.4140703038517837
1.2820990465235582,-0.3433991190427226
0.7541714543833589,0.9330492071144962
-0.018561439985179673,0.9389770816670457
-1.6305497277472987,-0.601145910845846
0.18088140645954687,-0.272979789560788
-0.1848607448408126,0.27811319800869105
-0.36441346788997886,-0.43604032878985666
1.2266732587192382,1.175441942584215
-0.2584192084618625,-0.17086526359946963
0.7523283061421416,0.7268721797072405
-1.095692704475985,-0.39354607042412026
-0.5096582681347235,-0.35430375292445426
-1.9159852225540415,-0.7288096508873041
1.6439753406858066,0.9815784397690197
0.5591910077092375,0.44226115872781346
0.9710355015191525,0.7161327027434117
-2.011014173268175,0.24710299458165463
1.0436434514052038,0.23221369126945046
0.2921777840367279,-0.44076738729677223
0.5542550444908578,0.6328833532039533
-1.0547322847971543,-0.8453281823679988
-0.26633997828945233,0.2807166157807882
1.3834065695488693,0.8212205167263983
0.9814925994992826,-0.04494121255458711
-0.7684493096482918,0.2539520424737861
1.7778396288041507,-0.07903178919055298
0.2338378442365483,0.2782353369707815
0.41785104372225296,0.42024702366821676
-0.46102202762896344,0.8812914467465189
-0.46863465318776115,-0.047547288574632474
0.11100110032110906,-1.290799510277881
0.4959212784976762,0.3926268488149708
0.25799425503551454,0.4195841546417547
-0.19148701438097673,0.33600466668527285
0.03685132233420241,0.0720136135464442
0.7417885707019303,0.6377254859259539
-1.6534721728593855,-0.6206099556198085
0.9124936811766265,0.10668252709243053
-1.314421066360167,-0.6205143472549965
0.10229216629430193,-0.11085418378617007
-1.0439980634012562,0.9348278565971826
-0.07325003354801107,-0.9123254139690613
-0.22476759283304465,-0.20766666733306724
0.48975958527937336,1.2695549666432129
0.5641125900392712,0.7333204697104582
-1.568354491129465,-0.7118581301534685
0.2141791710926067,-0.54694976535062
-0.01924074037868373,0.21620535943907448
0.1500904075814127,-0.017217836338175918
-0.1985959544618704,-0.5283429575647155
-1.468817424943346,-0.4001552267235234
0.019757265130587648,0.4411174081198603
-0.7515550412152645,-0.048445623956439254
0.4082354640697297,-0.04142021674798341
-0.87568868008905,-0.82115218719778
0.39478345834266676,0.3417587204565395
0.7219471062546057,0.20992332733440272
-1.465264839988706,-1.6028785304353421
-1.3838334494595812,-0.8046322626999772
0.12262344830418333,0.896847293931359
-0.06886186043524828,-0.07149341474849641
-1.5909908661807923,-0.6918641505828093
0.4390062134901584,0.4994052559256972
0.9337781090494737,-0.37356006494755656
-0.6246280404635768,-0.9775101361734769
0.7983426014411577,1.0986846858557333
0.31029478986518333,0.6765432508878368
-0.5953851055356814,0.9068146977967291
-0.3839205848396029,-0.4252878296671162
-0.05687457564644663,0.6439717136920611
-0.09771390087671555,0.36728216063453667
-0.2574847633173305,0.46304208544396774
-0.896817187233405,-1.9023435993337383
-1.1472505894113998,0.06459851201669453
0.7194445682246912,-0.07907555308682766
-1.5561208710295509,-1.279449383551772
-1.3281146051033292,-0.9557935448918468
0.7468547497707532,1.445715401431059
1.125931327959255,0.3854144160111972
0.36438732733403667,0.473133416029193
0.5713702283812797,0.05970923426705599
0.14293556233480456,0.362923976305273
0.8858060236654134,-0.5592448434991494
1.3968666116094777,0.381730366920892
-0.410939267538109,0.10436234201659367
0.6172152573158323,0.7080567291913553
0.9116474817480213,0.8676461671972725
-0.5493499007245088,-0.4571139867926056
1.1291406336140286,1.0408254251455367
0.635062573793704,-0.33006644132118623
0.4443592576051819,-0.2789403543673614
-0.740105837717431,0.19880696833154538
-0.5911467353605092,-1.0197264438160247
-0.23071365745760739,-0.35083529479952974
-0.17860799574681874,0.15841682849867045
0.8660815614734949,-0.2435817322844534
-0.3275891606586564,0.3350261485429885
-1.2201249971420451,-0.38165672452581234
0.7242449674275293,0.32492398942517725
1.2653551420490894,0.6243797034614578
1.2380087820491843,0.8231749135108931
-0.46725407115079576,-0.743559933713231
-0.8131219200357467,-0.10867525332793149
-0.441484256714828,0.4793702490808198
-0.479325693095669,0.26243620896856795
0.49379411208343127,0.0703251535871422
-1.1572228869660368,-0.21545881745638956
-0.5404110504864467,0.394038582081802
0.07008797579465242,-0.5753033486698846
-0.8315188563898888,0.0847901012110217
-0.9784481389298101,-1.6883396040534209
0.6306379530747315,0.16572949193116468
0.8462439243341611,-0.12664731654905426
0.0865771375526892,0.318970956164127
-0.1477553941848022,0.4328609962008514
0.3247892970345175,1.2015823561557708
-0.15868590525765947,0.5859065050667037
-0.24120812739342667,0.5053694077602875
-0.19838688408509814,-0.3938123544548885
0.431125204333769,0.473511620739992
0.7674083227459524,0.6182102180395899
-0.3628235490882573,0.9951917236525014
-0.7322573136235553,-0.011725130721361054
1.4534662181634015,0.11491717828944022
-1.0591785756955878,-0.42596564952609495
-0.2279809129930936,-0.005220552982851956
-1.0501752651977867,0.6266514392104188
-0.06856965326387943,0.5959834886400968
-0.0617488067825135,-0.25695754997295783
-0.1437295586249565,0.6343046754263888
0.4162654999722266,1.1043230853756922
-1.1229137672578553,0.05599694609303696
0.8658409348608034,0.662321240998264
0.3656832025219733,-0.06893991203327916
-0.6366541338364522,-0.038319930627016885
-0.9333322602810993,-0.5832213572195285
-1.1371471560760034,0.2682392482936533
0.6061418994119429,-0.3821360929051061
-0.473065488325712,0.31821042261885935
-0.6772673222399582,-1.1965151673090757
-0.7469096005797401,-0.30330456954317475
-0.10940907824570847,-0.1152861094674899
-2.517814097061338,-1.4151752498839025
0.565241194305112,0.6873280234046796
-0.1619655632397573,-0.5038559630102173
-1.02815058798285,-0.34064600590499083
-0.9342131538933806,-0.6352701483310571
0.34844577120504067,0.07499515935892181
0.12769835405967978,0.1364025161857655
0.1286647387613391,1.2396002664672436
-1.1693490417024046,0.7520477036332405
-0.2968996808867118,-0.37397101584307246
-0.02638373214455214,0.875062114635341
-1.7270470962919442,-0.3264593487255184
-0.20355447007391791,0.9746936477467922
-0.2611582673159237,-0.5310142157773459
-0.5926455251392084,-1.352243594450932
-0.3487518121596695,-0.5664582643581608
-0.2348058538533837,0.1586602536382633
0.5056723660680253,0.16635982727628612
0.8826966180442166,1.6634839413265852
1.1357668748699121,1.7358909052356695
0.675472734298485,0.02557561461338309
-0.4151027682500063,0.021654915674164887
1.6725755380096237,1.4643414595181434
0.15563070357376052,0.22763015069634646
-0.4212529837364732,-0.3881069663017308
0.3764142950455198,-0.2043636721511925
-2.633155833715808,-1.1997272644816945
-0.3128565646076773,0.30231823550276454
-0.5525448117421495,-1.157833725915794
-0.5040735592515464,-0.04839194823730608
0.1742627330676973,0.06563783654874977
-0.08908208098618203,0.0011614437984914516
0.0740777180560106,-0.02276731367012208
0.017361979865787913,-0.32371583880455024
-0.3742218122587226,-0.9833099088508559
-0.4078334532091421,-0.6911943170304633
-0.39150420730869107,0.5233218015608885
-0.19273969809610947,0.09067043973307376
-1.0060945451771512,-0.7743794409456504
1.5612618018301978,-0.5141888181651639
-0.5898590082530746,-0.10421168569386952
0.7209037655349934,-0.4371671066349174
-0.28565937812956416,0.511384476266962
0.2735224202635295,-0.0471424916433027
0.4415903751911552,-0.1677505356561002
1.165251679000438,0.9904127803884504
0.4566049097196522,0.34980731453736547
0.3072961561770779,0.5172797315504284
-1.6323396326357418,-0.45943013765521146
-1.3023523573250742,-0.5943526257815659
0.4693938975851166,0.8525642961604264
0.886494268613145,0.6289768063078278
-1.4309765054198267,-0.9612396347953215
0.6189613036639566,0.38439240549251324
1.4556517156057844,0.7092245398491641
-0.7545028592371386,-0.6903011050014031
0.06790405356781876,-0.26533278397509663
-1.64284184429243,0.1267295380508217
-0.11125989338737285,-0.4626275053632257
1.1775649887879887,-0.05106708654324016
0.21579223304399708,0.25956842387997736
0.2082681439150138,0.2190559020903713
-1.9299792065762325,-1.372666167446192
0.10412500770712907,-0.1869303444961101
-2.0189904656004676,-1.0965070637314802
0.5533122983684386,-0.1160467246932731
0.2758100986721874,-4.2133952547374065e-05
0.17453297760223063,1.3743230514417835
-0.9326664693024886,-1.2361025599567124
0.661207867963818,-0.1596382156334784
0.4461708571537593,0.5851304897262833
-0.12132815549684764,0.34669232511822895
0.5088393213149929,0.27368218884893936
1.0088152150119774,0.49064149903965815
-1.6560911938493548,-1.7642490091791756
0.08916043742724933,-0.016016289647498683
1.3798970648554556,-0.22378481201984757
1.1938007143973528,0.8662961489937728
0.5961835130348634,-0.6010717934486862
-1.4085878192667989,-0.5870215253037038
-0.3523953186186257,-0.0405757870424166
1.251778176933005,0.8341853156810348
-0.09024130290533143,0.21245524321868797
2.2969919829588017,1.3594969866456836
-0.22039575084658242,0.04342571539355322
0.8726022717236863,0.17348199144593987
-0.7260534994612206,0.4577280718861846
-0.8366911407312401,-0.7369233233081455
0.3112547840276385,-1.3042423371056622
0.8715589202709862,0.5760366511063775
0.41859222278674435,-0.06952261302798679
0.018134678625573497,0.6568029010797531
0.07165779603830247,0.5216407795047646
-0.8724457992576108,-1.1281405418345767
-0.6299457949311252,-0.4890987292266869
-0.6933150842611783,0.7275496271227642
0.019384250144416332,0.9691069226946945
0.7823061696866754,0.38934876025361037
-1.021210703016895,0.3919196707456998
-1.750556841181365,-0.6797001969943866
-0.22118005004943608,0.6109872279205688
-0.544115968021579,-0.5694617523266453
-0.3207719401990412,-1.079667072499731
0.015182045849111703,-0.39353665191897946
0.05089882942006568,-0.1638355570061235
-1.2624708184403675,0.35960870344097823
-0.6400657126232769,0.8000299846655349
0.5053603342494323,0.5023012160663556
1.685819509047388,0.8200638275394712
1.0802594310379838,0.7970076194269929
0.22091964030582956,-0.2206258381993978
-0.14027043600426647,0.36675709237043097
0.85700265984634,0.2700129405456869
-1.0667251749517388,-1.4647460507420293
0.9072218756055034,0.25171161861320857
2.005992970259219,1.3110474830412644
0.3024471753343596,0.15464395129034494
0.5884141749974053,0.10750910369489786
0.5982367038810822,-0.8840850799075972
-1.0287375086190376,-1.2480738429019
-0.9259763320469006,0.43520531945944796
-1.3127593013093655,-1.274904987148656
1.4873693997642166,1.4501777756544538
0.5832283199092827,-0.43871998130320855
0.3365168711404501,0.14350967172113582
-0.5271465565525785,-0.2205041602796638
0.8579052019693509,-0.3933051419934597
-0.37392817328457395,0.1514439343958507
0.4295823657140951,-1.402698340537011
1.3146658735936345,2.228722347612
-0.4428496475712368,-0.21365832586179834
1.2287330393543057,-0.30200871367969623
-0.6652305554793143,-0.8725536287668622
0.16306911566879156,0.4024240209645964
0.4313618483070114,-0.2958265507685729
1.4128105342309212,1.1966989585111967
0.9255798404975932,0.9092319826262387
-0.6077225956787788,-0.2053215108941473
-1.4600901590183557,-0.9483500761793184
0.13217214104312758,-0.4856010952352302
-0.2801393298704761,0.3887048825318538
-1.050913424238634,-0.9326298211979357
0.3272293039060451,0.3955910216059484
0.5446712831444351,0.24899452076154643
0.9060037133321264,0.7581035313733577
-0.25957419296596707,-0.4321554638700334
0.3168296024298608,-0.9116842558643299
0.20752624011754195,0.379951907730003
-0.5461660067655889,-0.8167521242628204
-0.5188353448777341,0.43591573017832635
-0.31965953986863194,-0.7340990350482561
-0.21020537711527187,-0.46631595708906703
-0.21161284694596993,0.5841004521887585
0.45053484221144824,0.4286124331049118
0.4009399245805196,0.2600775300229226
0.00995578399502639,-0.05865735795028271
0.13458375279769874,0.06493689240027622
0.4646078300498699,0.26365580274461453
1.0206089298244134,-0.0773020292031883
-1.7194355333894233,-1.866271262153727
0.027212964804910145,1.1308915048972614
-1.4355040737356743,-0.22006958190190762
1.015662175500819,1.0486336809825199
0.9389131288364017,-0.40400870057425253
0.9835566761925842,0.5718044626294515
0.011776806750935065,-0.3818416575207153
0.25366029615772256,0.2520765203119237
-0.4803620064417347,0.47863570842544934
-0.10053543833834028,-0.42253138744102964
0.7365435978138427,-0.03330069222809917
-0.0602327729955392,-1.332328774051077
0.6085463398249894,0.7382902960672131
1.186358778413977,0.15977303086233502
-0.2131030073836344,0.2044197539769176
1.030298091475554,0.6287507091096767
-0.2423625546468351,1.1371615163208384
0.033558307868246484,-0.464170040734756
0.793906590038399,-0.1468811109133874
-0.23491402525074467,0.09791010353778584
-0.13248588675396447,-0.0284309359040162
-1.020205871711188,-1.373632922481365
-0.24813804282254803,1.4266198306571076
-0.7434197429964583,0.2502548432952127
-0.07372506898656828,-0.054949262523064424
-0.46972726160682565,-0.3996620580032726
-0.9666466191044079,0.22373746405668204
-0.025473549003343532,0.19127309993801722
-0.8013813012194648,1.230364765558094
0.8825427323388064,0.7718161154167263
-0.26454721469429276,-0.17714944418982648
-0.9630419258235986,-0.1731946367439554
-1.8280348048392225,-1.7269234100013537
-0.2749066585846157,0.5021452689727777
0.6655818763838632,0.34536656169838387
0.4130367880287628,0.08418425160798926
0.14588157061559404,0.022316313729724646
0.7866311512141777,0.4567760532834416
0.5558690003322106,-0.49629360359913843
-0.5630721563445927,-0.5374176934352617
0.30321583453511536,0.5618233551593651
0.3314190054474754,-0.21604316789080147
0.5386626920989455,0.7487234495393933
-1.405434762560538,0.09193384647939123
-1.7976925167658808,-1.815560210324716
-0.1353652594461564,0.004015453919025219
-1.0711380128656875,-0.4027150166291271
0.47329027842349947,0.6281306430941479
0.9268434681405937,0.924383345198164
1.461772055774792,0.7781489340465961
0.9775378728895386,-0.33301116761727667
0.6517090704393922,-0.02867656072676228
0.6622821416059768,-1.0770906369326498
0.3296358089803568,-0.11806678650555025
0.38934248412433337,1.2654997085686461
-0.33729871784289345,-0.498734665236951
-0.9136657529019613,-1.2274083408403336
1.4043523598138552,2.0724765464403996
0.21393256662887133,-0.9799260947837768
1.0919568994874176,-0.6925421414037549
1.1378992666479508,1.0191791052844734
0.23307965232004424,0.9085578321373133
0.30418119122842546,0.27948392349044104
0.23583986072275986,0.17755630994822114
-0.07310586586474399,0.5416398133707403
-0.555381192936291,-1.026380294664504
-1.0095308652759218,-1.560871510658294
0.26098744488584846,0.9742241023640499
-0.937638930499245,-0.6795272501480472
-0.8858465785541491,1.002047263033445
-2.6409051715714678,-1.075522637200474
-0.08011900142258012,-0.4622716892137396
-1.7205796883039426,-0.9439241456348129
0.5845646838503494,-0.6565612300393449
-1.0128245297654028,-0.6435744305412212
-0.17994423575757335,0.3239479979425987
-0.3549811511436929,-0.01370407580010835
1.5155097791948666,0.46094072389173424
0.785102932229421,-0.509461934792926
0.43160935178017323,-0.25624522593579624
-0.2592925734049857,-0.2583176553289659
-0.05981655197868052,-0.13471092222948283
0.8770819082108238,-0.10965697708701683
-0.5136687606649526,0.23634046721007818
0.5985936030197401,-0.5158178039109366
-0.16190027509599336,-0.5558446120537326
-0.2174825108326256,-0.9704149094624553
0.09515413259933353,0.5705967014361848
-0.3643636336265236,-1.5704555630492276
-0.06583839100716182,0.5041328628891157
-0.8739455670532689,0.7774136737786558
-0.705722942255031,0.7363558805364063
-1.189888571240411,0.18916303410773916
-0.4350154114830798,-0.4834939425808301
0.5001190751787474,-0.7466992284892275
0.824524547506029,-0.5037485360384477
-0.9294487325860101,-1.13908163212004
-0.0031734321627066575,-0.8510264409335093
0.3326479914816665,-0.13554144225278797
-1.709536636975745,-1.0120933705001407
1.5344568260217408,0.755103286898136
0.3223919846300044,0.6443829030453558
0.7400751312600201,1.1414664543722326
-0.2113074883829154,-0.11811925848383409
0.13186945654575705,-0.47345485360428735
-1.1488612371385316,0.18770257963653214
0.02196648075885277,-0.4682824330402038
-0.29251557775630316,-0.12758995409051077
-0.3407668315373532,-0.46570359582316856
-0.5194180437353766,0.2776469670797952
0.8129143973524344,-0.15270679045850022
-0.6152933710280558,-0.28035960545821415
-0.2019474702091865,-0.40165458496650186
0.6197975194483336,1.022398796980646
-1.5300211969866198,-0.691773641143895
-0.057121449510472516,0.6455394972564921
1.1757273287445273,-0.14661222526772433
0.9480569347303756,0.2789924256961971
-0.9087625001103333,-0.5320263918447276
-0.43093953891217873,0.06940145758384822
1.2383394895908264,0.4134397161884223
0.29316072219875045,0.49620012095388083
0.48190567442453697,1.2320170437520201
0.08297244633268597,0.25775761441641154
-1.210388303695475,-0.47376820777903084
0.17664686184277967,-0.22683049751610085
-0.2940611833871648,-0.4619383648780407
0.867094067043681,-0.35897135952626796
-0.6449079950319996,-0.6651419691114261
-0.8024547646988075,-0.33604609236125027
-1.3126473750772574,-0.9885562699207695
-0.375658153440263,-0.27097428801938217
-0.24551841657797346,0.7137722212054434
-0.25810223469535687,0.19376505299362734
0.47559308605098827,0.500578412270241
-0.11137404714285307,-0.2844705747256721
1.5972506368655184,0.939048413036611
-0.745451956076051,-1.205224944048654
-1.1478357749447667,-0.2741411986612141
-0.13474806431486935,0.03611436125198808
1.968822972553678,0.261379477225262
-0.1937921197893555,0.47705724891570334
0.1676983921518227,-0.7183026951454244
-0.5729041909691547,0.2322391045300395
1.5479702165875386,0.574000262709087
-0.035121458448487464,1.0065695268865285
1.2338980201960448,0.19371129844999158
0.9579111332151901,-0.9593502216545131
-0.00870209490365259,-0.6151896431413494
-0.11640672650101436,0.2482348323908899
-0.2777138985731944,-0.3129329626914772
-0.7973404880404431,0.030589465252449842
0.19322067359078798,-0.8990408823764959
0.24984739268562983,0.06309690799745704
0.4353383396244069,-0.10446337135299977
0.8245497696983453,0.3939451808255444
0.6116477374232389,-0.024114334718405073
0.19632101313769956,0.1931066352133497
0.31831021468272447,-0.22763143453436047
0.9737029622382707,0.5204648386638884
0.21048983281168748,-1.0778425750677125
0.9568157894938516,0.2301859814101319
-0.2923851101940145,0.5306624465683277
0.7617901061987193,0.5705434220359058
-0.34988983480595376,-0.17786229509985832
0.04777840715939556,-0.23502484537005147
-0.9883465219429013,-0.36136133339955046
0.3705176499291933,-3.203550752728379e-05
-1.9376875223272316,-0.21160891949436722
-0.14667873631680628,-0.5354242683502142
-2.013088526936467,-0.8027687943853603
-1.5972564213229412,-1.2758743558830732
0.47614299708975105,0.3965112832621232
-1.0853771381698947,-0.7212813240042084
-1.17802249998149,-0.574926167249666
0.18027743437999993,-0.2515642832504693
-0.6648965091942733,-1.1182730586447092
-1.1438896445187248,-0.9203093433699301
-0.4210181116949822,-1.1741412304356402
0.22529583482894705,0.05123696404528938
-0.5418376773461572,-0.12215133181716187
0.1196602974345321,-1.1229891179067923
-0.1351327743709182,0.2505359695049132
1.9855239175987938,0.837065503137181
0.33492968896286684,0.5197795919082615
-0.057313236026407005,-0.17107026627230926
-0.7699625280751696,-0.5342961898061256
0.7376959175413045,-0.1269815081462101
-0.3848076741051118,-0.11272132441874944
-1.0053693157164278,-0.9254580482519821
0.9612840341016399,0.7632108143202124
-0.5932829856376078,0.09418670778336122
0.7173264267467647,-0.023501540052357273
-0.19217120996915288,-0.4869414056987008
0.14407408958388587,0.05321352457131928
0.7067005217581986,0.5632283931626212
0.36066798055799865,-0.031024525442796325
-0.7061433897328171,-0.07902689958589479
1.3174800181594946,0.4879185146335906
0.5079365122612761,-0.07673348358642447
-1.5742695053405193,0.14659605136285064
-0.03501858155621601,0.3830254083632441
0.1967165765831525,0.5081707128100417
-0.07207181341707147,0.1258687361797285
-1.5068531205361255,-0.986193090230008
0.7781419958612086,-0.11354113284847278
1.271343381735846,0.11584395838164152
0.20966244923806,-1.3930018659694094
0.10511149487660104,-0.033004304672984375
-1.1191133958439319,-1.9121605729701066
-0.4241240985112411,-0.2813476481854623
1.110121338792174,0.8731438679955694
-0.8277722441762898,0.027935956805912987
-1.2905341061620426,-1.4113871085274623
-0.5631471785036465,-1.0823230435590487
0.7758606930512433,0.7025623928978798
0.5291001054890117,0.2019053001186868
-0.302430563409696,0.00532693718375532
-0.22699820424382988,0.3301118493520856
0.20780724453577548,-0.34371931884508733
0.1894804908018558,-0.23597276684234358
0.4215263321203946,-0.03994527436539819
0.9660226493793993,0.9746244393556738
-0.4764901789926629,1.4779750445221493
-1.2731913321456403,-0.36235159433797104
0.6888606492120358,0.8161531298468374
-1.1308006077946533,-0.02397163862015006
-0.33844266940513845,0.3999949622150731
-0.8506768158616768,-0.03413295067719724
0.15788983405590135,-0.10668660456521672
0.17671268773316628,-0.2157410566301713
-0.26043392773677515,-0.2924992977491974
0.2099582455661113,-0.8010122085841878
0.8352962499209511,1.431686338612213
0.6029108760518845,-0.17608703619228055
-0.9961920556190457,0.03765871453721514
0.2571604472457947,-0.589362297341659
-0.9938239788656604,-0.5145622041650483
0.18882161699771594,0.8853448130918267
1.1316900492778905,0.9569551590189058
-0.11598877170250799,-1.5590660139807309
0.1917403089493186,-0.5183767116300393
0.44374165108562647,0.465875726867646
-0.5620753060795617,-0.09694796720727561
0.6526584169026324,-1.3632033046460563
-1.081853987451474,-0.7902623844031351
0.44777692759146187,0.12533940334356714
-0.30600542121519647,0.46814007520590284
0.7409768812143587,1.1535186081899762
0.22360248850489628,0.058123605450494
0.2799474213633517,0.6797740892769057
-0.16162692983203247,-0.7758373170179813
-0.14471833875420836,-0.22422399732757348
1.524942318711886,0.8299289580909246
1.0429699269834423,-0.13727990037786145
1.4511954475992772,1.732996801549327
-0.786177210741718,-0.582675728105025
-0.15087453616568633,-0.20712997099352393
-1.462932058933708,-0.19243054226180023
-2.1247293357447794,-0.8036432905398321
0.6565758638516689,0.7885412956087341
-0.4542921393822614,-0.9306097439282368
-1.990963634958503,-1.2198947582970987
0.4417698504515215,0.8105310494129869
-0.32364170786810886,-0.7169047663956395
1.0002655762873278,-0.4508878904418544
0.10630756917613349,1.0028433614863308
0.6771777421455819,-0.29535201952446755
-0.6154690994482179,-0.26378906491490794
0.17439690631531424,-0.3021853023388117
-0.04810053271525638,0.26169456844830385
0.45687221052714866,0.9088044360357053
0.3908851925872557,-1.0931912173661937
-0.4355716500565753,-0.16490100949927047
-0.024180100231581902,0.27532338084770963
-0.7014263295448405,0.14167204686111495
0.6674102704910143,0.5681673403102543
-0.34079163237191323,-0.515297840747709
-0.2944875475569134,0.7996227116212549
0.6229719661871511,0.3778312759162684
1.3093576065870431,-0.4015163700865343
0.9468564722157111,0.39162162031356973
-0.13507515311591195,-0.6103464541060701
1.0411169151237134,1.2672345879541518
-1.366280350277386,-0.3913068787304559
0.3944031300484897,0.23148502571081736
1.3008512624931932,0.26925190556245027
-0.521563492397456,0.13361468227392104
-1.0078519754919097,-0.9166123383617644
1.04006057009356,-0.27498458023213956
0.7967727461787162,-0.24456623196795343
0.7147085856167705,-0.5768061659879083
0.5717156488460109,0.7081123216432352
0.40471177810555214,-0.8320434649159129
1.1167927449368158,0.9797245971219094
-0.15079011086328137,-0.12383483042663052
0.09025518426620205,0.6736381473582351
-0.6583249596637439,-0.2582924931579984
0.07950004260465193,-0.599152052948813
-1.1602622626445727,-0.6365119493680162
-1.2092723692495344,-0.041777273781919866
-0.45352503617292644,-0.002632851116354862
0.5880628787830477,-0.22326208149859972
1.2427395162455948,1.1819134319136098
0.980587775397399,1.0156632899177809
1.520786238791477,1.417465116596614
0.003479065830285011,0.39105878744189426
0.47612756606157436,0.4229928243510409
0.6582179982552012,0.7914706677067009
-2.4386924827823235,-1.192542326764945
-0.29125130175146546,0.1321966373212794
-0.22304976824707012,-0.2065345772832431
-0.599487649398114,-1.5512434864170965
0.26102794599039947,-0.2411274964355823
0.7188074397578992,0.9807683841011405
-1.4160232938378785,-0.7846328749887614
0.11810868274178768,0.5633202352724571
1.6808009818290341,-0.18303667844457538
-0.12811170945566033,0.23545365211195302
0.4896146292124255,0.2992640779054222
-0.16089671694597663,0.43679514769033856
1.6207398347359003,-0.3951737877060466
-0.4566822370345023,-0.5763984017373174
-2.289925009617317,-1.2214333166697715
-0.43522867895986606,-0.8590144760497586
0.6148358209788721,-0.04368092553051042
0.5137833014929732,-0.07193894782240196
0.5251393980059786,-0.10550903853123095
0.009896755407797775,-0.7332313212347029
1.7100448766379863,-0.19217860688832755
1.2429278539332476,-0.08461388789735957
-0.844564385128818,-0.7760924377321794
1.1386478715107242,0.5614905139657014
0.20963683077757067,0.6589449001605079
-1.3923725863551688,0.14877334042962037
-1.747560155378849,-0.8305483676884011
-1.1639831580017028,-0.49762202740757955
-0.5978355540852511,0.10036258600324577
-0.0719037912272787,0.7015109556491269
-0.35603285344402646,0.7410769674667042
-0.44019513482241773,1.2901050012545696
0.5445825421942788,-0.08776792257495497
0.6774797307017001,0.4480429186387065
0.05336387639184276,0.2950435128466273
0.7671866080055885,-0.3913024466220987
-1.5262278451554085,-0.23752858948171862
0.044019113958063016,-1.7151466401722804
-0.5106621500088258,-0.1612817695978882
0.360043417800758,0.38377754669601893
0.08962328750462989,0.16451268036533073
0.9501855078205242,0.995719873963664
1.188682272258151,0.7837889836086275
-0.013572349208696821,0.28472006887234397
0.28730540123533443,-0.5854577852384384
-0.008525280829075,0.6227569098269797
0.10448665802532814,1.329397521421459
1.4954385921857638,1.0274476192308606
0.6324188224702978,0.00495836656898585
-0.007451054314109806,-0.024180835625923547
0.35350432055754627,0.14898819322451934
-0.40979424297978184,-0.3197285561090766
0.8266701377171057,-0.500486152701607
0.7926448241176585,0.7862139093027881
-1.3812697599973258,-1.3225703600127252
-1.688395742400537,-0.6282222004369458
1.546734616804116,1.6667165785041682
0.2828187233378192,0.8727146980108886
0.16897178503543342,0.06165232895101447
-0.006025872210401295,-0.8903489175708988
0.14929833302079118,0.9850079778968903
0.7471904313996228,-0.19829118400879198
0.4112836134566493,0.6288264876932994
-0.38617040642387473,-0.7228625883286248
0.1588248228905808,-0.7689555907653761
1.3928192697204727,1.4821596537621269
0.21800967398835203,0.07284551146830942
-1.3097334444449085,-0.9542194535827846
0.09116200400004093,0.5093901793568233
0.1506161700405263,0.21447270697722412
0.043053697082590436,0.09084679765084624
0.6546463944319867,0.4642758141287494
-1.2203832767520546,-0.5926319008477613
1.6815286914608705,0.18049450469492512
0.09993273120916504,0.2549872882939175
0.7123205491926722,-0.11879634316094789
0.484767795236831,0.3478239195524624
0.5758706289283018,0.32652427666253103
-0.8186765385499202,0.09679763065980224
0.9297864679405277,0.6219547631938828
-0.7088289237855562,0.2111270282268083
-0.2803056279197795,0.7354358828789176
-0.8539891721439745,0.0527150226701506
-0.3754556570627907,0.15283929130209833
-0.9713822265082457,0.03978620177514969
-1.593553460075545,0.48668166085251763
0.15871299283554113,0.7857318169952066
-1.3894189202433627,-0.5002179858255371
-0.10171557081071361,0.9266804247446518
1.3175398260477595,0.7905170660193791
-1.8783361579851632,-1.0720191713987108
-0.6232300381825363,-1.0663302604059344
0.6011831184350477,-0.2856934487340802
0.4015005755521971,0.34954874316033824
-0.1606757042790261,0.15167132402818878
0.48791984995922505,1.7052273007720136
0.4328349692556394,0.7673464187288838
0.37434695348465996,0.4945679554221394
1.3259291565977918,0.3615589955458036
1.5209165764315262,0.13182734444943678
-0.4278641447572711,0.1329673238176926
-0.02019998517968402,-0.3703315467386592
0.7701662180679721,0.44229406720428566
0.7290051693095285,-0.18975480794991162
0.5159710195352174,0.007567624879994739
-0.30585022514915905,0.1034977707162853
-0.1718854022670187,0.6367412334496848
-0.6189742560956947,-1.1394494598224019
-1.526700572073791,-0.729500376842571
0.9195622679328548,1.5514382427179652
0.6081921432000714,1.0910611635937801
0.9664275259311821,1.0271125299781865
0.05254471895317814,-0.06010473297084318
-0.9891323173947266,0.04508980511602463
0.12585907188901804,-0.322305961769922
0.5302525144284556,0.6590853051718395
0.687902603466477,0.7563569796347538
-0.8085221468710349,-1.1477521569601228
0.552301380937571,0.27282125953559266
-0.11801345281002676,-0.43387373930449885
0.28676998294512157,0.8712711106557322
-0.8554014508139237,0.10290158354880441
-0.41833538829814043,-0.3023339602247333
0.43242649910208764,1.264346510283799
-1.2361539076342796,-0.1438234534752929
-0.38114633051794244,0.16155060759013487
0.6016558993771223,-0.941086590366606
0.18695091378087264,0.3524564766643789
0.7021565803871336,0.34361953738489237
-0.8956960413073272,-0.8653946168337516
-1.0871189512345645,-0.6549808227731315
-0.17955034147763996,-0.19163560719729908
-0.5722300273477023,-0.2037600312475043
-2.6341251716336536,-0.09512424619403859
0.7466493099753737,-1.4158004514867848
0.40383556848696683,0.4868483461988661
0.07166662953958403,0.15980199635357928
-1.2216651251468156,-0.9770722105898453
-0.5115240745072769,-0.48655685853343217
-1.6813563804843896,0.5724626045936154
0.3422029943677871,0.8550290344736671
1.3970134175977638,0.6558548507774695
-1.1180013360157153,-0.5497378228962974
0.8644444052090815,-0.18559364500524755
-1.1206468780339733,-0.7861961461774731
-0.2524507355048155,-1.130536138070858
0.21409783829181595,0.6131812681467479
0.157640468092201,0.3900266741233493
-1.2875855295948546,-0.715678279323079
-0.5471624749353876,-0.3067714559856858
-0.07430978645598896,-1.0505345141867801
-0.6451159407306296,-1.6859314279816517
-1.5257078777220847,-0.48609576411816346
1.2781689459050645,0.7209411974867717
1.447797762810636,0.2797017307466856
-0.8479787128831509,-1.1302933921086384
0.6875523649709339,-0.07515557796233957
0.8795173737415102,0.0723980741137697
-0.9885410671017226,-0.10186112028403826
-0.5911234438570007,-0.5406652885069652
-0.10773550120609515,-0.7890698172502482
-0.434207139912255,0.452729524822811
0.21244348480704567,0.17384967466951656
0.40689215544361046,-0.6195302433294547
0.836568477152002,0.22799487354878964
0.46744804579855587,-0.7460944751676281
-0.11206008598228862,0.2985436615153505
0.5994529078031594,-0.5857305688312793
0.6839100833358644,1.2292010020664006
-0.6038358444218569,0.5928879596925842
1.187327526442058,0.7179729296955799
-1.0033753143747066,-0.849147316994175
-0.7102605287048602,-0.9233483782240414
-0.30561068543450176,-0.076404659928901
0.41837207693038975,-1.3799434548378462
0.12075859594484945,-0.002027570173561699
0.7381833220388963,0.5681482485944187
0.44611043176512083,-0.18448153905635284
0.04140981314104775,0.027826453499606885
1.0435618574024024,0.7281226214906801
-1.2201486313932268,-0.6391995035201918
0.12318727198307575,-0.3819864420610526
0.7408686876793732,0.7619645686426053
-0.6170278089183888,-0.18683207377081595
-0.5191812767122749,0.047414171494000235
-0.6579542842019119,0.23012748938003597
0.027349580352132974,0.0010186408239767353
1.1041661663696787,-0.09801505520473253
1.2064168265364508,1.4610352723485656
0.8039329332900954,1.3380550650990966
0.40850538953377424,1.1049654997002205
-0.5127416683388301,-0.05915192832766569
-1.2761482060010096,-0.4033409178275411
1.4662259758541007,0.735305882460645
-0.014613285834895073,-0.51519924657969
0.37624937044944845,-0.7853601852858827
-0.681302742839589,-0.3925969102730116
-1.5983213017360878,-0.2813196979615574
-0.19520023298115696,-0.28040544920408483
-0.9338888915705978,-1.861694971999192
1.199906807705943,0.2948586188143134
0.805551604847999,1.293518173088688
0.7147672387735532,-0.5974181683843034
0.7300292168851026,0.48306196318207995
-1.1226585107568055,-0.9722352199136025
1.2232629211907902,-0.22302751843889426
-0.5414918401797425,-0.06054375959997865
0.4499886648401937,0.2590689661630621
-1.244772943357042,-0.21799713131690412
1.358092452168855,-0.32544592007920053
0.37957868662399763,-0.17335041587627487
-0.010925930762518021,-0.06133826927788766
-0.11695772963439094,0.13959681871067242
0.22998858553859342,0.07479807937599792
0.215421509373099,1.038290792090828
1.5862498923070407,0.33386976348273073
-0.17941119960197316,-0.4498912880807584
0.5943739249009706,0.26656745720133124
1.729905463560976,0.11925963371749859
1.6505402897545323,0.02994850456062509
0.5088849677519879,0.4440020911380542
-1.9230842693530517,-1.1663536994971921
-0.9212001489126938,-1.132853570086979
1.5482372595027638,0.6081494242022112
-0.083296129708749,-0.0008327069240610108
-0.7905796357586856,-0.18902869073476145
-0.37011795506247913,-0.5476629997275378
-0.8863489054137252,-0.5939154986555515
-0.6313183086967291,-0.630727107357931
1.3632700618896267,0.31446759440192945
0.8397810869218638,0.7582253925742017
0.8031795767804242,0.3141867369150162
-0.23747637218415885,0.24845552539690186
0.5735198250359828,0.0740803085437991
-0.11999461036835933,0.3840678353760341
-0.29638592159061783,-1.202404040897227
-1.0517242472019463,-0.7689331751580554
0.06489641331353493,0.37300363424586913
0.40354320399780585,0.9324478552429715
1.6168138133314527,-0.38168647109448517
0.16255103234312185,1.1438435242067828
0.33709567853132283,0.12469998817219352
-0.1809177971931305,-0.3655333795964677
-0.8966730439527584,-1.0863048431563245
0.0622031826992514,-0.11487781418675458
-1.0524018904579642,-1.2725458784985726
1.078262096248503,1.2466033272163906
0.4467685506685327,-0.32411689431204976
1.335970695721853,1.1635668889659523
1.0394441717537488,-0.6555324634197021
0.2614036636908834,0.952815737235627
-0.266993747883443,-0.8776598804449725
-1.122142216431191,-0.9338005010001562
0.110212522580734,0.6257499224992515
0.2062832582941998,-0.7464876532635492
0.9641403411427529,1.1621398588853102
0.2552503526013731,1.284960863643509
-0.294619168453432,-0.49902590285649817
-1.6634118138226166,0.29513562936112603
-0.0960578716694831,-0.7269259135165247
0.9479324653339579,0.734251194793522
0.18356965788864343,0.27962413001130393
0.09959508496756331,0.8226456007627378
1.0776698648766951,1.6066307780615787
-0.7511778869789627,-0.3984983264149087
0.21957361642083062,0.3541002067899188
-0.7037078932502977,-0.01773230838059623
-1.1706197256721036,-0.3313107753884315
-0.22821376230742385,-0.1574638663933469
0.6580358272905592,-0.48688749755650307
0.41030650006329206,0.9555594957434459
0.9775028611148417,0.006111590972643854
0.8912601012794614,0.21829024205329461
1.3011368503722252,0.6547383964349599
-0.7214224033840342,-0.7206762019241211
1.1951892664554722,0.13364423780411716
-1.6899386224355635,-0.341614736473961
0.2845452079943319,0.5732862097604836
0.9843735728209644,1.1902645025916865
-0.3629122114327067,0.26140389206316805
0.03736226522200709,-0.025470558004460457
-0.32491976129777056,0.6085973088810679
-0.7893073627712395,-0.0640658501659368
0.6653211185391756,0.575215315536587
-0.8056058735262457,-0.08170205824509671
0.693880478349596,0.7466782878759642
0.30303744032515056,-0.14042624346300747
